<?xml version="1.0"?>
<fdm_config>
  <subsystem name="aerodynamics">
    <input name="actuators">
      <property select="dal">dal_rad</property>
      <property select="dar">dar_rad</property>
      <property select="de">de_rad</property>
      <property select="dr">dr_rad</property>
    </input>
    <input name="aero">
      <property select="Alpha">alpha_rad</property>
      <property select="Beta">beta_rad</property>
      <property select="pqr">pqr_a</property>
      <property select="TAS">TAS</property>
    </input>
    <constant>
      <property value="0.8715">RefArea</property>
      <property value="1.5288">RefSpan</property>
      <property value="0.635">RefLen</property>
      <property value="[0 0 0]">RefPosCG</property>
      <property value="1">coeff_type</property>
    </constant>
    <parameter>
      <property value="0.0">CD0UncertVal</property>
      <property value="1.0">CDdeUncertGain</property>
      <property value="0.0">CL0UncertVal</property>
      <property value="1.0">CLdeUncertGain</property>
      <property value="1.0">CLqUncertGain</property>
      <property value="0.0">CY0UncertVal</property>
      <property value="1.0">CYdrUncertGain</property>
      <property value="0.0">Cl0UncertVal</property>
      <property value="1.0">CldarUncertGain</property>
      <property value="1.0">CldalUncertGain</property>
      <property value="1.0">CldrUncertGain</property>
      <property value="1.0">ClpUncertGain</property>
      <property value="1.0">ClrUncertGain</property>
      <property value="0.0">Cm0UncertVal</property>
      <property value="1.0">CmdeUncertGain</property>
      <property value="1.0">CmqUncertGain</property>
      <property value="0.0">Cn0UncertVal</property>
      <property value="1.0">CndrUncertGain</property>
      <property value="1.0">CndalUncertGain</property>
      <property value="1.0">CndarUncertGain</property>
      <property value="1.0">CnpUncertGain</property>
      <property value="1.0">CnrUncertGain</property>
      <property value="-0.500000">cmq</property>
      <property value="10.000000">cLq</property>
      <property value="-0.500000">clp</property>
      <property value="-0.040000">cnp</property>
      <property value="0.080000">clr</property>
      <property value="-0.020000">cnr</property>
    </parameter>
    <function name="alpha_deg">
      <product>
        <property>alpha_rad</property>
        <value>57.29</value>
      </product>
    </function>
    <function name="beta_deg">
      <saturation UpperLimit="15" LowerLimit="-15">
        <product>
           <property>beta_rad</property>
           <value>57.29</value>
        </product>
      </saturation>
    </function>
    <function name="TAS_g">
      <saturation UpperLimit="Inf" LowerLimit="0.01">
        <property>TAS</property>
      </saturation>
    </function>
    <function name="dr_deg">
      <product>
        <property>dr_rad</property>
        <value>57.3</value>
      </product>
    </function>
    <function name="dar_deg">
      <product>
        <property>dar_rad</property>
        <value>57.3</value>
      </product>
    </function>
    <function name="dal_deg">
      <product>
        <property>dal_rad</property>
        <value>57.3</value>
      </product>
    </function>
    <function name="de_deg">
      <product>
        <property>de_rad</property>
        <value>57.3</value>
      </product>
    </function>
    <function name="p_norm">
      <product Inputs="**//">
        <select InputPortWidth="3" IndexParamArray="{'1'}">
          <property>pqr_a</property>
        </select>
        <property>RefSpan</property>
        <property>TAS_g</property>
        <value>2</value>
      </product>
    </function>
    <function name="q_norm">
      <product Inputs="**//">
        <select InputPortWidth="3" IndexParamArray="{'2'}">
          <property>pqr_a</property>
        </select>
        <property>RefLen</property>
        <property>TAS_g</property>
        <value>2</value>
      </product>
    </function>
    <function name="r_norm">
      <product Inputs="**//">
        <select InputPortWidth="3" IndexParamArray="{'3'}">
          <property>pqr_a</property>
        </select>
        <property>RefSpan</property>
        <property>TAS_g</property>
        <value>2</value>
      </product>
    </function>
    <function name="CL">
      <add>
        <table name="CL_base">
          <breakpoints property="alpha_deg">-6.00 -4.00 -2.00 0.00 2.00 4.00 6.00 8.00 10.00 12.00 14.00 16.00 18.00 20.00 22.00 24.00 26.00 28.00 30.00 32.00 </breakpoints>
          <breakpoints property="beta_deg">-12.00 -8.00 -4.00 0.00 4.00 8.00 12.00 </breakpoints>
          <tableData>
-0.308445 -0.205120 -0.104925 -0.005698  0.092940  0.190273  0.283065  0.375789  0.474334  0.558500  0.632772  0.715026  0.783019  0.853612  0.928782  0.999502  1.064028  1.127188  1.177170  1.223228 
-0.320376 -0.214542 -0.110813 -0.007845  0.092542  0.192544  0.287262  0.383965  0.485541  0.575414  0.652759  0.726578  0.795809  0.863843  0.939836  1.011223  1.082641  1.143153  1.196423  1.239953 
-0.333060 -0.224157 -0.116660 -0.012323  0.089805  0.189238  0.281389  0.382523  0.481927  0.576398  0.652034  0.721112  0.791549  0.873629  0.949284  1.022755  1.089714  1.148809  1.201896  1.241787 
-0.326292 -0.206885 -0.103387 -0.002476  0.103422  0.202103  0.293660  0.393371  0.494596  0.594787  0.663422  0.730061  0.802280  0.889260  0.957815  1.030896  1.098688  1.163694  1.213579  1.258262 
-0.333060 -0.224157 -0.116660 -0.012323  0.089805  0.189238  0.281389  0.382523  0.481927  0.576398  0.652034  0.721112  0.791549  0.873629  0.949284  1.022755  1.089714  1.148809  1.201896  1.241787 
-0.320376 -0.214542 -0.110813 -0.007845  0.092542  0.192544  0.287262  0.383965  0.485541  0.575414  0.652759  0.726578  0.795809  0.863843  0.939836  1.011223  1.082641  1.143153  1.196423  1.239953 
-0.308445 -0.205120 -0.104925 -0.005698  0.092940  0.190273  0.283065  0.375789  0.474334  0.558500  0.632772  0.715026  0.783019  0.853612  0.928782  0.999502  1.064028  1.127188  1.177170  1.223228 
          </tableData>
        </table>
        <product>
          <table name="CL_de">
            <breakpoints property="alpha_deg">-6.00 -4.00 -2.00 0.00 2.00 4.00 6.00 8.00 10.00 12.00 14.00 16.00 18.00 20.00 22.00 24.00 26.00 28.00 30.00 32.00 </breakpoints>
            <breakpoints property="beta_deg">-8.00 0.00 8.00 </breakpoints>
            <breakpoints property="de_deg">-30.00 -20.00 -10.00 0.00 10.00 20.00 30.00 </breakpoints>
            <tableData>
-0.206247 -0.209958 -0.205637 -0.210949 -0.210070 -0.212852 -0.209619 -0.209975 -0.217785 -0.253181 -0.260833 -0.270220 -0.283261 -0.284401 -0.294556 -0.296105 -0.303974 -0.312073 -0.311421 -0.314928 
-0.177991 -0.193390 -0.189810 -0.187291 -0.192329 -0.192586 -0.195040 -0.207355 -0.216402 -0.242065 -0.270951 -0.285164 -0.284116 -0.284446 -0.291809 -0.299575 -0.303346 -0.316357 -0.316094 -0.323234 
-0.206247 -0.209958 -0.205637 -0.210949 -0.210070 -0.212852 -0.209619 -0.209975 -0.217785 -0.253181 -0.260833 -0.270220 -0.283261 -0.284401 -0.294556 -0.296105 -0.303974 -0.312073 -0.311421 -0.314928 
-0.170899 -0.164668 -0.167047 -0.168569 -0.168098 -0.165741 -0.161268 -0.162695 -0.170605 -0.186913 -0.195530 -0.202640 -0.206206 -0.204167 -0.212107 -0.216499 -0.226513 -0.227748 -0.227582 -0.233095 
-0.168567 -0.173882 -0.171363 -0.168742 -0.173500 -0.170015 -0.159408 -0.162685 -0.169209 -0.183219 -0.202913 -0.211522 -0.208674 -0.214090 -0.211719 -0.218619 -0.225028 -0.227699 -0.229183 -0.235978 
-0.170899 -0.164668 -0.167047 -0.168569 -0.168098 -0.165741 -0.161268 -0.162695 -0.170605 -0.186913 -0.195530 -0.202640 -0.206206 -0.204167 -0.212107 -0.216499 -0.226513 -0.227748 -0.227582 -0.233095 
-0.088785 -0.086360 -0.082472 -0.078979 -0.077923 -0.075877 -0.075123 -0.071590 -0.075588 -0.082409 -0.087135 -0.090610 -0.097489 -0.086671 -0.098572 -0.096878 -0.103723 -0.102213 -0.101058 -0.095836 
-0.055844 -0.062307 -0.061950 -0.057024 -0.061246 -0.059276 -0.053940 -0.057808 -0.061708 -0.068828 -0.076968 -0.082267 -0.092122 -0.096972 -0.091924 -0.100371 -0.096259 -0.100953 -0.100679 -0.101196 
-0.088785 -0.086360 -0.082472 -0.078979 -0.077923 -0.075877 -0.075123 -0.071590 -0.075588 -0.082409 -0.087135 -0.090610 -0.097489 -0.086671 -0.098572 -0.096878 -0.103723 -0.102213 -0.101058 -0.095836 
 0.000000  0.000000  0.000000  0.000000  0.000000  0.000000  0.000000  0.000000  0.000000  0.000000  0.000000  0.000000  0.000000  0.000000  0.000000  0.000000  0.000000  0.000000  0.000000  0.000000 
 0.000000  0.000000  0.000000  0.000000  0.000000  0.000000  0.000000  0.000000  0.000000  0.000000  0.000000  0.000000  0.000000  0.000000  0.000000  0.000000  0.000000  0.000000  0.000000  0.000000 
 0.000000  0.000000  0.000000  0.000000  0.000000  0.000000  0.000000  0.000000  0.000000  0.000000  0.000000  0.000000  0.000000  0.000000  0.000000  0.000000  0.000000  0.000000  0.000000  0.000000 
 0.079218  0.079369  0.080173  0.079695  0.078527  0.078129  0.075858  0.083093  0.077947  0.085289  0.088297  0.087220  0.081903  0.083816  0.081521  0.082308  0.074240  0.073013  0.070181  0.060048 
 0.093354  0.087655  0.081738  0.083850  0.080108  0.081899  0.088857  0.090814  0.095123  0.091416  0.094790  0.094015  0.095314  0.092156  0.093675  0.083679  0.073598  0.059833  0.060144  0.060826 
 0.079218  0.079369  0.080173  0.079695  0.078527  0.078129  0.075858  0.083093  0.077947  0.085289  0.088297  0.087220  0.081903  0.083816  0.081521  0.082308  0.074240  0.073013  0.070181  0.060048 
 0.157529  0.158678  0.159624  0.164344  0.164704  0.167505  0.168742  0.169222  0.171810  0.175661  0.174145  0.166299  0.158849  0.151804  0.151833  0.149177  0.134835  0.134509  0.124784  0.101754 
 0.181053  0.171538  0.170620  0.177192  0.174268  0.175317  0.181272  0.184659  0.188237  0.186978  0.189883  0.192223  0.184618  0.174180  0.161526  0.144353  0.126710  0.116994  0.110400  0.104372 
 0.157529  0.158678  0.159624  0.164344  0.164704  0.167505  0.168742  0.169222  0.171810  0.175661  0.174145  0.166299  0.158849  0.151804  0.151833  0.149177  0.134835  0.134509  0.124784  0.101754 
 0.237065  0.229367  0.232684  0.235559  0.233396  0.231452  0.226741  0.228401  0.231064  0.228721  0.220807  0.199907  0.190285  0.194031  0.182511  0.171549  0.153722  0.151614  0.127203  0.091919 
 0.257651  0.249279  0.249171  0.255247  0.245854  0.237158  0.240846  0.250632  0.251382  0.244596  0.242180  0.235259  0.226385  0.210780  0.186416  0.161461  0.134584  0.104444  0.089590  0.072482 
 0.237065  0.229367  0.232684  0.235559  0.233396  0.231452  0.226741  0.228401  0.231064  0.228721  0.220807  0.199907  0.190285  0.194031  0.182511  0.171549  0.153722  0.151614  0.127203  0.091919 
            </tableData>
          </table>
          <property>CLdeUncertGain</property>
        </product>
        <table name="CL_dal">
          <breakpoints property="alpha_deg">-6.00 -4.00 -2.00 0.00 2.00 4.00 6.00 8.00 10.00 12.00 14.00 16.00 18.00 20.00 22.00 24.00 26.00 28.00 30.00 32.00 </breakpoints>
          <breakpoints property="beta_deg">-8.00 -4.00 0.00 4.00 8.00 </breakpoints>
          <breakpoints property="dal_deg">-30.00 -20.00 -10.00 0.00 10.00 20.00 30.00 </breakpoints>
          <tableData>
 0.109487  0.113647  0.111111  0.107750  0.108491  0.103597  0.100303  0.096368  0.089854  0.074152  0.067896  0.059576  0.050108  0.050987  0.040072  0.038660  0.033183  0.031977  0.022818  0.018156 
 0.124139  0.125373  0.123374  0.118782  0.115736  0.100609  0.114497  0.108463  0.098820  0.089430  0.067411  0.072070  0.058004  0.052149  0.042003  0.042896  0.034176  0.033442  0.027756  0.026561 
 0.131446  0.124120  0.123278  0.119992  0.117577  0.106246  0.117749  0.119132  0.110962  0.093352  0.070909  0.067365  0.059406  0.052781  0.049269  0.045210  0.035730  0.023151  0.027048  0.019872 
 0.148740  0.149705  0.147083  0.142272  0.139871  0.127127  0.137977  0.141095  0.137596  0.122699  0.103528  0.077454  0.085860  0.079038  0.063213  0.049662  0.044611  0.040055  0.039407  0.036068 
 0.169326  0.160981  0.155602  0.151791  0.147548  0.144595  0.146510  0.158168  0.148399  0.133330  0.121599  0.105563  0.080041  0.078380  0.074474  0.070702  0.051113  0.043649  0.035227  0.038221 
 0.075759  0.079731  0.080680  0.080785  0.081377  0.080311  0.076931  0.073768  0.067386  0.057441  0.051297  0.046134  0.034733  0.042672  0.035834  0.038110  0.028076  0.029453  0.023946  0.018400 
 0.094351  0.093804  0.093809  0.090461  0.089841  0.087424  0.088959  0.080494  0.073239  0.071787  0.053618  0.059960  0.045862  0.046468  0.037207  0.040167  0.039190  0.033275  0.029241  0.028782 
 0.102424  0.095996  0.095775  0.096692  0.093620  0.094189  0.095416  0.090084  0.081023  0.070661  0.055833  0.051090  0.054073  0.046139  0.045091  0.041880  0.036017  0.027710  0.029483  0.021425 
 0.120768  0.121304  0.122006  0.119440  0.114848  0.111950  0.115991  0.114965  0.107501  0.092657  0.086334  0.060270  0.070304  0.070853  0.060469  0.050129  0.042117  0.039883  0.039683  0.043029 
 0.142045  0.133156  0.130404  0.129167  0.125338  0.122932  0.124007  0.122631  0.117614  0.104359  0.094006  0.087960  0.068737  0.069530  0.063105  0.059198  0.053141  0.047326  0.035833  0.033050 
 0.041759  0.040945  0.041290  0.039587  0.040353  0.038237  0.038285  0.040384  0.035424  0.031864  0.032614  0.026119  0.015454  0.025471  0.024903  0.016710  0.009147  0.012966  0.009527  0.010787 
 0.052460  0.051217  0.048796  0.047599  0.045201  0.042879  0.044348  0.041700  0.038974  0.036637  0.032143  0.039154  0.029369  0.029230  0.023921  0.025918  0.022572  0.023735  0.018143  0.023010 
 0.056735  0.047753  0.045829  0.047849  0.043947  0.042841  0.047608  0.044565  0.041610  0.031746  0.029185  0.028986  0.026023  0.023927  0.029266  0.024656  0.024655  0.018829  0.020708  0.017532 
 0.069103  0.070797  0.065691  0.066843  0.065769  0.063863  0.062929  0.063429  0.060223  0.055368  0.047868  0.036392  0.046784  0.042329  0.037734  0.032057  0.030687  0.028789  0.028339  0.031206 
 0.083663  0.080528  0.078984  0.072981  0.073044  0.072137  0.068094  0.072944  0.070233  0.061434  0.047015  0.049336  0.041967  0.039872  0.044701  0.043050  0.035463  0.028985  0.027681  0.028978 
 0.000000  0.000000  0.000000  0.000000  0.000000  0.000000  0.000000  0.000000  0.000000  0.000000  0.000000  0.000000  0.000000  0.000000  0.000000  0.000000  0.000000  0.000000  0.000000  0.000000 
 0.000000  0.000000  0.000000  0.000000  0.000000  0.000000  0.000000  0.000000  0.000000  0.000000  0.000000  0.000000  0.000000  0.000000  0.000000  0.000000  0.000000  0.000000  0.000000  0.000000 
 0.000000  0.000000  0.000000  0.000000  0.000000  0.000000  0.000000  0.000000  0.000000  0.000000  0.000000  0.000000  0.000000  0.000000  0.000000  0.000000  0.000000  0.000000  0.000000  0.000000 
 0.000000  0.000000  0.000000  0.000000  0.000000  0.000000  0.000000  0.000000  0.000000  0.000000  0.000000  0.000000  0.000000  0.000000  0.000000  0.000000  0.000000  0.000000  0.000000  0.000000 
 0.000000  0.000000  0.000000  0.000000  0.000000  0.000000  0.000000  0.000000  0.000000  0.000000  0.000000  0.000000  0.000000  0.000000  0.000000  0.000000  0.000000  0.000000  0.000000  0.000000 
-0.044431 -0.054396 -0.052744 -0.051457 -0.052495 -0.053221 -0.055113 -0.048155 -0.040947 -0.044769 -0.037945 -0.030952 -0.032946 -0.026803 -0.028680 -0.026261 -0.033498 -0.028039 -0.034490 -0.035058 
-0.044342 -0.052479 -0.055441 -0.055877 -0.055787 -0.053997 -0.051175 -0.048670 -0.041036 -0.043930 -0.036673 -0.027962 -0.033605 -0.033909 -0.032396 -0.033492 -0.032974 -0.033053 -0.034728 -0.032178 
-0.057581 -0.073227 -0.072101 -0.072173 -0.073865 -0.071252 -0.062619 -0.058298 -0.055532 -0.056148 -0.047790 -0.041741 -0.044891 -0.044422 -0.039007 -0.041407 -0.040981 -0.043436 -0.040997 -0.035595 
-0.057257 -0.057918 -0.063129 -0.062574 -0.063968 -0.062581 -0.057918 -0.054636 -0.048450 -0.051421 -0.050517 -0.045701 -0.034233 -0.039097 -0.037492 -0.040545 -0.033235 -0.028808 -0.027121 -0.015886 
-0.053647 -0.059167 -0.062332 -0.064338 -0.063626 -0.063516 -0.057259 -0.053602 -0.054363 -0.052935 -0.059029 -0.059941 -0.056140 -0.046257 -0.043011 -0.035540 -0.030448 -0.028493 -0.014257 -0.013849 
-0.084751 -0.093943 -0.089559 -0.084786 -0.084127 -0.084695 -0.085341 -0.078718 -0.072536 -0.068431 -0.062344 -0.058823 -0.057411 -0.058692 -0.053426 -0.050304 -0.058426 -0.056434 -0.056138 -0.067103 
-0.085727 -0.101097 -0.097739 -0.090880 -0.088605 -0.086876 -0.084605 -0.084241 -0.072999 -0.070869 -0.063151 -0.062318 -0.067695 -0.074913 -0.071291 -0.074436 -0.073221 -0.073000 -0.077184 -0.061594 
-0.102747 -0.120043 -0.113546 -0.104109 -0.105575 -0.104420 -0.097409 -0.096753 -0.088146 -0.091949 -0.085276 -0.075081 -0.077670 -0.084211 -0.080301 -0.083338 -0.080196 -0.082409 -0.080490 -0.078842 
-0.103469 -0.106762 -0.107923 -0.096127 -0.094117 -0.094542 -0.098123 -0.097713 -0.090048 -0.089054 -0.088048 -0.085034 -0.072675 -0.076028 -0.079398 -0.078339 -0.071033 -0.063705 -0.061806 -0.049584 
-0.100892 -0.105244 -0.104591 -0.094160 -0.092188 -0.102523 -0.100893 -0.097685 -0.095561 -0.099346 -0.100964 -0.104506 -0.096751 -0.087370 -0.077025 -0.068704 -0.064454 -0.060383 -0.048819 -0.042255 
-0.097454 -0.111251 -0.105841 -0.099051 -0.101037 -0.100455 -0.102947 -0.095065 -0.083109 -0.047389 -0.030638 -0.041884 -0.075770 -0.077902 -0.071936 -0.071871 -0.080370 -0.080606 -0.086359 -0.095288 
-0.106847 -0.120192 -0.112184 -0.101325 -0.101925 -0.100926 -0.101774 -0.099119 -0.080766 -0.061064 -0.048938 -0.037347 -0.086833 -0.096613 -0.094468 -0.098213 -0.103440 -0.101029 -0.103168 -0.099339 
-0.123346 -0.134775 -0.128098 -0.115061 -0.117369 -0.115746 -0.109711 -0.104261 -0.092952 -0.086822 -0.078787 -0.065743 -0.095326 -0.115183 -0.110633 -0.114020 -0.111851 -0.114413 -0.111885 -0.110791 
-0.121624 -0.127414 -0.119158 -0.107490 -0.107899 -0.108961 -0.104325 -0.096687 -0.092548 -0.088388 -0.084310 -0.092131 -0.099156 -0.101437 -0.110484 -0.109678 -0.101826 -0.095868 -0.095766 -0.084060 
-0.110613 -0.116854 -0.110020 -0.099101 -0.099055 -0.103614 -0.102053 -0.095582 -0.096577 -0.092323 -0.092065 -0.100353 -0.122455 -0.115007 -0.108920 -0.101987 -0.099114 -0.097593 -0.086349 -0.076634 
          </tableData>
        </table>
        <table name="CL_dar">
          <breakpoints property="alpha_deg">-6.00 -4.00 -2.00 0.00 2.00 4.00 6.00 8.00 10.00 12.00 14.00 16.00 18.00 20.00 22.00 24.00 26.00 28.00 30.00 32.00 </breakpoints>
          <breakpoints property="beta_deg">-8.00 -4.00 0.00 4.00 8.00 </breakpoints>
          <breakpoints property="dar_deg">-30.00 -20.00 -10.00 0.00 10.00 20.00 30.00 </breakpoints>
          <tableData>
-0.110613 -0.116854 -0.110020 -0.099101 -0.099055 -0.103614 -0.102053 -0.095582 -0.096577 -0.092323 -0.092065 -0.100353 -0.122455 -0.115007 -0.108920 -0.101987 -0.099114 -0.097593 -0.086349 -0.076634 
-0.121624 -0.127414 -0.119158 -0.107490 -0.107899 -0.108961 -0.104325 -0.096687 -0.092548 -0.088388 -0.084310 -0.092131 -0.099156 -0.101437 -0.110484 -0.109678 -0.101826 -0.095868 -0.095766 -0.084060 
-0.123346 -0.134775 -0.128098 -0.115061 -0.117369 -0.115746 -0.109711 -0.104261 -0.092952 -0.086822 -0.078787 -0.065743 -0.095326 -0.115183 -0.110633 -0.114020 -0.111851 -0.114413 -0.111885 -0.110791 
-0.106847 -0.120192 -0.112184 -0.101325 -0.101925 -0.100926 -0.101774 -0.099119 -0.080766 -0.061064 -0.048938 -0.037347 -0.086833 -0.096613 -0.094468 -0.098213 -0.103440 -0.101029 -0.103168 -0.099339 
-0.097454 -0.111251 -0.105841 -0.099051 -0.101037 -0.100455 -0.102947 -0.095065 -0.083109 -0.047389 -0.030638 -0.041884 -0.075770 -0.077902 -0.071936 -0.071871 -0.080370 -0.080606 -0.086359 -0.095288 
-0.100892 -0.105244 -0.104591 -0.094160 -0.092188 -0.102523 -0.100893 -0.097685 -0.095561 -0.099346 -0.100964 -0.104506 -0.096751 -0.087370 -0.077025 -0.068704 -0.064454 -0.060383 -0.048819 -0.042255 
-0.103469 -0.106762 -0.107923 -0.096127 -0.094117 -0.094542 -0.098123 -0.097713 -0.090048 -0.089054 -0.088048 -0.085034 -0.072675 -0.076028 -0.079398 -0.078339 -0.071033 -0.063705 -0.061806 -0.049584 
-0.102747 -0.120043 -0.113546 -0.104109 -0.105575 -0.104420 -0.097409 -0.096753 -0.088146 -0.091949 -0.085276 -0.075081 -0.077670 -0.084211 -0.080301 -0.083338 -0.080196 -0.082409 -0.080490 -0.078842 
-0.085727 -0.101097 -0.097739 -0.090880 -0.088605 -0.086876 -0.084605 -0.084241 -0.072999 -0.070869 -0.063151 -0.062318 -0.067695 -0.074913 -0.071291 -0.074436 -0.073221 -0.073000 -0.077184 -0.061594 
-0.084751 -0.093943 -0.089559 -0.084786 -0.084127 -0.084695 -0.085341 -0.078718 -0.072536 -0.068431 -0.062344 -0.058823 -0.057411 -0.058692 -0.053426 -0.050304 -0.058426 -0.056434 -0.056138 -0.067103 
-0.053647 -0.059167 -0.062332 -0.064338 -0.063626 -0.063516 -0.057259 -0.053602 -0.054363 -0.052935 -0.059029 -0.059941 -0.056140 -0.046257 -0.043011 -0.035540 -0.030448 -0.028493 -0.014257 -0.013849 
-0.057257 -0.057918 -0.063129 -0.062574 -0.063968 -0.062581 -0.057918 -0.054636 -0.048450 -0.051421 -0.050517 -0.045701 -0.034233 -0.039097 -0.037492 -0.040545 -0.033235 -0.028808 -0.027121 -0.015886 
-0.057581 -0.073227 -0.072101 -0.072173 -0.073865 -0.071252 -0.062619 -0.058298 -0.055532 -0.056148 -0.047790 -0.041741 -0.044891 -0.044422 -0.039007 -0.041407 -0.040981 -0.043436 -0.040997 -0.035595 
-0.044342 -0.052479 -0.055441 -0.055877 -0.055787 -0.053997 -0.051175 -0.048670 -0.041036 -0.043930 -0.036673 -0.027962 -0.033605 -0.033909 -0.032396 -0.033492 -0.032974 -0.033053 -0.034728 -0.032178 
-0.044431 -0.054396 -0.052744 -0.051457 -0.052495 -0.053221 -0.055113 -0.048155 -0.040947 -0.044769 -0.037945 -0.030952 -0.032946 -0.026803 -0.028680 -0.026261 -0.033498 -0.028039 -0.034490 -0.035058 
 0.000000  0.000000  0.000000  0.000000  0.000000  0.000000  0.000000  0.000000  0.000000  0.000000  0.000000  0.000000  0.000000  0.000000  0.000000  0.000000  0.000000  0.000000  0.000000  0.000000 
 0.000000  0.000000  0.000000  0.000000  0.000000  0.000000  0.000000  0.000000  0.000000  0.000000  0.000000  0.000000  0.000000  0.000000  0.000000  0.000000  0.000000  0.000000  0.000000  0.000000 
 0.000000  0.000000  0.000000  0.000000  0.000000  0.000000  0.000000  0.000000  0.000000  0.000000  0.000000  0.000000  0.000000  0.000000  0.000000  0.000000  0.000000  0.000000  0.000000  0.000000 
 0.000000  0.000000  0.000000  0.000000  0.000000  0.000000  0.000000  0.000000  0.000000  0.000000  0.000000  0.000000  0.000000  0.000000  0.000000  0.000000  0.000000  0.000000  0.000000  0.000000 
 0.000000  0.000000  0.000000  0.000000  0.000000  0.000000  0.000000  0.000000  0.000000  0.000000  0.000000  0.000000  0.000000  0.000000  0.000000  0.000000  0.000000  0.000000  0.000000  0.000000 
 0.083663  0.080528  0.078984  0.072981  0.073044  0.072137  0.068094  0.072944  0.070233  0.061434  0.047015  0.049336  0.041967  0.039872  0.044701  0.043050  0.035463  0.028985  0.027681  0.028978 
 0.069103  0.070797  0.065691  0.066843  0.065769  0.063863  0.062929  0.063429  0.060223  0.055368  0.047868  0.036392  0.046784  0.042329  0.037734  0.032057  0.030687  0.028789  0.028339  0.031206 
 0.056735  0.047753  0.045829  0.047849  0.043947  0.042841  0.047608  0.044565  0.041610  0.031746  0.029185  0.028986  0.026023  0.023927  0.029266  0.024656  0.024655  0.018829  0.020708  0.017532 
 0.052460  0.051217  0.048796  0.047599  0.045201  0.042879  0.044348  0.041700  0.038974  0.036637  0.032143  0.039154  0.029369  0.029230  0.023921  0.025918  0.022572  0.023735  0.018143  0.023010 
 0.041759  0.040945  0.041290  0.039587  0.040353  0.038237  0.038285  0.040384  0.035424  0.031864  0.032614  0.026119  0.015454  0.025471  0.024903  0.016710  0.009147  0.012966  0.009527  0.010787 
 0.142045  0.133156  0.130404  0.129167  0.125338  0.122932  0.124007  0.122631  0.117614  0.104359  0.094006  0.087960  0.068737  0.069530  0.063105  0.059198  0.053141  0.047326  0.035833  0.033050 
 0.120768  0.121304  0.122006  0.119440  0.114848  0.111950  0.115991  0.114965  0.107501  0.092657  0.086334  0.060270  0.070304  0.070853  0.060469  0.050129  0.042117  0.039883  0.039683  0.043029 
 0.102424  0.095996  0.095775  0.096692  0.093620  0.094189  0.095416  0.090084  0.081023  0.070661  0.055833  0.051090  0.054073  0.046139  0.045091  0.041880  0.036017  0.027710  0.029483  0.021425 
 0.094351  0.093804  0.093809  0.090461  0.089841  0.087424  0.088959  0.080494  0.073239  0.071787  0.053618  0.059960  0.045862  0.046468  0.037207  0.040167  0.039190  0.033275  0.029241  0.028782 
 0.075759  0.079731  0.080680  0.080785  0.081377  0.080311  0.076931  0.073768  0.067386  0.057441  0.051297  0.046134  0.034733  0.042672  0.035834  0.038110  0.028076  0.029453  0.023946  0.018400 
 0.169326  0.160981  0.155602  0.151791  0.147548  0.144595  0.146510  0.158168  0.148399  0.133330  0.121599  0.105563  0.080041  0.078380  0.074474  0.070702  0.051113  0.043649  0.035227  0.038221 
 0.148740  0.149705  0.147083  0.142272  0.139871  0.127127  0.137977  0.141095  0.137596  0.122699  0.103528  0.077454  0.085860  0.079038  0.063213  0.049662  0.044611  0.040055  0.039407  0.036068 
 0.131446  0.124120  0.123278  0.119992  0.117577  0.106246  0.117749  0.119132  0.110962  0.093352  0.070909  0.067365  0.059406  0.052781  0.049269  0.045210  0.035730  0.023151  0.027048  0.019872 
 0.124139  0.125373  0.123374  0.118782  0.115736  0.100609  0.114497  0.108463  0.098820  0.089430  0.067411  0.072070  0.058004  0.052149  0.042003  0.042896  0.034176  0.033442  0.027756  0.026561 
 0.109487  0.113647  0.111111  0.107750  0.108491  0.103597  0.100303  0.096368  0.089854  0.074152  0.067896  0.059576  0.050108  0.050987  0.040072  0.038660  0.033183  0.031977  0.022818  0.018156 
          </tableData>
        </table>
        <table name="CL_dr">
          <breakpoints property="alpha_deg">-6.00 -4.00 -2.00 0.00 2.00 4.00 6.00 8.00 10.00 12.00 14.00 16.00 18.00 20.00 22.00 24.00 26.00 28.00 30.00 32.00 </breakpoints>
          <breakpoints property="beta_deg">-8.00 -4.00 0.00 4.00 8.00 </breakpoints>
          <breakpoints property="dr_deg">-30.00 -20.00 -10.00 0.00 10.00 20.00 30.00 </breakpoints>
          <tableData>
 0.013411  0.007814  0.007478  0.004399  0.004984 -0.000251 -0.003325  0.000712 -0.003611  0.002245  0.005075  0.006331  0.003447  0.016715  0.015572  0.013627  0.007983  0.011759  0.003923  0.001939 
 0.019427  0.013588  0.008711  0.009619  0.006475  0.004022  0.002350  0.000176  0.001463  0.001385  0.006105  0.007031 -0.003663  0.000489  0.005776  0.003528  0.005222 -0.000883  0.007270  0.007255 
 0.025390  0.011604  0.011344  0.014535  0.009244  0.009494  0.011271  0.011146  0.006374 -0.001647 -0.000988  0.001085 -0.002612 -0.002098  0.007686  0.003672  0.000038 -0.003355 -0.003406  0.000710 
 0.013672  0.012149  0.008870  0.009585  0.006952  0.004105  0.004394 -0.000614 -0.000677 -0.002831 -0.005584  0.001124 -0.009926 -0.006172 -0.002599 -0.001781 -0.005594 -0.002783 -0.002371  0.009498 
 0.008548  0.005762  0.010124  0.008760  0.006266  0.003614  0.001918 -0.000452 -0.000362 -0.008012 -0.010353 -0.011039 -0.013648 -0.007410 -0.012549 -0.018117 -0.014968 -0.021997 -0.018316 -0.012020 
 0.020386  0.016063  0.013767  0.013180  0.013689  0.010712  0.007328  0.011006  0.010974  0.012690  0.015506  0.015506  0.010691  0.020008  0.018201  0.018796  0.008356  0.012634  0.008315  0.008140 
 0.024870  0.022205  0.017789  0.017684  0.014866  0.009631  0.010366  0.009731  0.009586  0.014466  0.010711  0.017154  0.007567  0.014711  0.014119  0.012613  0.011069  0.009698  0.004851  0.013217 
 0.028039  0.018712  0.018232  0.020278  0.014257  0.012683  0.014786  0.013184  0.013865  0.004682  0.006915  0.007763  0.003379  0.006510  0.010894  0.006519  0.008033  0.001780  0.003482  0.003032 
 0.019159  0.017177  0.015547  0.014797  0.013211  0.010842  0.010805  0.006514  0.006731  0.004723  0.000484  0.009237 -0.000393 -0.003567  0.002527  0.004307  0.004148  0.002104  0.005029  0.008538 
 0.012223  0.011234  0.013087  0.013548  0.014415  0.011001  0.006723  0.004631  0.003580  0.002871 -0.004407 -0.003404 -0.012261 -0.000697 -0.005401 -0.009711 -0.011079 -0.008646 -0.013364 -0.009368 
 0.022845  0.019481  0.018912  0.017218  0.019337  0.016940  0.014954  0.013674  0.011077  0.014975  0.015263  0.015311  0.011434  0.016682  0.015086  0.019072  0.009400  0.006304  0.004943  0.008271 
 0.028973  0.027102  0.026092  0.024114  0.023494  0.020605  0.018286  0.015916  0.018854  0.022240  0.019996  0.021464  0.014310  0.017191  0.016584  0.012372  0.017066  0.014948  0.009141  0.009723 
 0.033358  0.022880  0.024053  0.025708  0.019300  0.018067  0.020827  0.020105  0.019287  0.012599  0.012271  0.013694  0.009686  0.012872  0.015859  0.015377  0.012655  0.006293  0.010203  0.006711 
 0.026725  0.024333  0.021383  0.024818  0.022298  0.020067  0.017227  0.016396  0.014595  0.016121  0.011589  0.015802  0.007525  0.009979  0.013833  0.013987  0.013029  0.011525  0.010654  0.020315 
 0.019758  0.019110  0.020820  0.019501  0.017525  0.015642  0.015691  0.014743  0.013664  0.009158  0.005807  0.006200  0.003059  0.007226  0.008485  0.003233 -0.001970  0.001151 -0.002808 -0.000134 
 0.000000  0.000000  0.000000  0.000000  0.000000  0.000000  0.000000  0.000000  0.000000  0.000000  0.000000  0.000000  0.000000  0.000000  0.000000  0.000000  0.000000  0.000000  0.000000  0.000000 
 0.000000  0.000000  0.000000  0.000000  0.000000  0.000000  0.000000  0.000000  0.000000  0.000000  0.000000  0.000000  0.000000  0.000000  0.000000  0.000000  0.000000  0.000000  0.000000  0.000000 
 0.000000  0.000000  0.000000  0.000000  0.000000  0.000000  0.000000  0.000000  0.000000  0.000000  0.000000  0.000000  0.000000  0.000000  0.000000  0.000000  0.000000  0.000000  0.000000  0.000000 
 0.000000  0.000000  0.000000  0.000000  0.000000  0.000000  0.000000  0.000000  0.000000  0.000000  0.000000  0.000000  0.000000  0.000000  0.000000  0.000000  0.000000  0.000000  0.000000  0.000000 
 0.000000  0.000000  0.000000  0.000000  0.000000  0.000000  0.000000  0.000000  0.000000  0.000000  0.000000  0.000000  0.000000  0.000000  0.000000  0.000000  0.000000  0.000000  0.000000  0.000000 
 0.019758  0.019110  0.020820  0.019501  0.017525  0.015642  0.015691  0.014743  0.013664  0.009158  0.005807  0.006200  0.003059  0.007226  0.008485  0.003233 -0.001970  0.001151 -0.002808 -0.000134 
 0.026725  0.024333  0.021383  0.024818  0.022298  0.020067  0.017227  0.016396  0.014595  0.016121  0.011589  0.015802  0.007525  0.009979  0.013833  0.013987  0.013029  0.011525  0.010654  0.020315 
 0.033358  0.022880  0.024053  0.025708  0.019300  0.018067  0.020827  0.020105  0.019287  0.012599  0.012271  0.013694  0.009686  0.012872  0.015859  0.015377  0.012655  0.006293  0.010203  0.006711 
 0.028973  0.027102  0.026092  0.024114  0.023494  0.020605  0.018286  0.015916  0.018854  0.022240  0.019996  0.021464  0.014310  0.017191  0.016584  0.012372  0.017066  0.014948  0.009141  0.009723 
 0.022845  0.019481  0.018912  0.017218  0.019337  0.016940  0.014954  0.013674  0.011077  0.014975  0.015263  0.015311  0.011434  0.016682  0.015086  0.019072  0.009400  0.006304  0.004943  0.008271 
 0.012223  0.011234  0.013087  0.013548  0.014415  0.011001  0.006723  0.004631  0.003580  0.002871 -0.004407 -0.003404 -0.012261 -0.000697 -0.005401 -0.009711 -0.011079 -0.008646 -0.013364 -0.009368 
 0.019159  0.017177  0.015547  0.014797  0.013211  0.010842  0.010805  0.006514  0.006731  0.004723  0.000484  0.009237 -0.000393 -0.003567  0.002527  0.004307  0.004148  0.002104  0.005029  0.008538 
 0.028039  0.018712  0.018232  0.020278  0.014257  0.012683  0.014786  0.013184  0.013865  0.004682  0.006915  0.007763  0.003379  0.006510  0.010894  0.006519  0.008033  0.001780  0.003482  0.003032 
 0.024870  0.022205  0.017789  0.017684  0.014866  0.009631  0.010366  0.009731  0.009586  0.014466  0.010711  0.017154  0.007567  0.014711  0.014119  0.012613  0.011069  0.009698  0.004851  0.013217 
 0.020386  0.016063  0.013767  0.013180  0.013689  0.010712  0.007328  0.011006  0.010974  0.012690  0.015506  0.015506  0.010691  0.020008  0.018201  0.018796  0.008356  0.012634  0.008315  0.008140 
 0.008548  0.005762  0.010124  0.008760  0.006266  0.003614  0.001918 -0.000452 -0.000362 -0.008012 -0.010353 -0.011039 -0.013648 -0.007410 -0.012549 -0.018117 -0.014968 -0.021997 -0.018316 -0.012020 
 0.013672  0.012149  0.008870  0.009585  0.006952  0.004105  0.004394 -0.000614 -0.000677 -0.002831 -0.005584  0.001124 -0.009926 -0.006172 -0.002599 -0.001781 -0.005594 -0.002783 -0.002371  0.009498 
 0.025390  0.011604  0.011344  0.014535  0.009244  0.009494  0.011271  0.011146  0.006374 -0.001647 -0.000988  0.001085 -0.002612 -0.002098  0.007686  0.003672  0.000038 -0.003355 -0.003406  0.000710 
 0.019427  0.013588  0.008711  0.009619  0.006475  0.004022  0.002350  0.000176  0.001463  0.001385  0.006105  0.007031 -0.003663  0.000489  0.005776  0.003528  0.005222 -0.000883  0.007270  0.007255 
 0.013411  0.007814  0.007478  0.004399  0.004984 -0.000251 -0.003325  0.000712 -0.003611  0.002245  0.005075  0.006331  0.003447  0.016715  0.015572  0.013627  0.007983  0.011759  0.003923  0.001939 
          </tableData>
        </table>
        <property>CL0UncertVal</property>
        <product>
          <property>cLq</property>
          <property>q_norm</property>
          <property>CLqUncertGain</property>
        </product>
      </add>
    </function>
    <function name="CD">
      <add>
        <table name="CD_base">
          <breakpoints property="alpha_deg">-6.00 -4.00 -2.00 0.00 2.00 4.00 6.00 8.00 10.00 12.00 14.00 16.00 18.00 20.00 22.00 24.00 26.00 28.00 30.00 32.00 </breakpoints>
          <breakpoints property="beta_deg">-12.00 -8.00 -4.00 0.00 4.00 8.00 12.00 </breakpoints>
          <tableData>
 0.106848  0.094454  0.087198  0.084551  0.086770  0.092591  0.102927  0.120442  0.146951  0.178997  0.212142  0.254083  0.302872  0.360468  0.428234  0.499775  0.573873  0.651092  0.726643  0.802788 
 0.085316  0.070914  0.062436  0.059800  0.061081  0.067657  0.079647  0.098256  0.126526  0.161766  0.198832  0.240798  0.291543  0.350068  0.416106  0.486295  0.562141  0.641345  0.719533  0.797514 
 0.078950  0.062350  0.054707  0.052546  0.054238  0.059755  0.070145  0.088266  0.116597  0.151042  0.190147  0.234547  0.286714  0.347375  0.413943  0.485208  0.559321  0.637255  0.718074  0.797028 
 0.075360  0.059012  0.051491  0.048657  0.051436  0.057256  0.068335  0.085832  0.114343  0.151117  0.189252  0.235228  0.288229  0.349948  0.413515  0.484797  0.558938  0.640176  0.721363  0.803714 
 0.078950  0.062350  0.054707  0.052546  0.054238  0.059755  0.070145  0.088266  0.116597  0.151042  0.190147  0.234547  0.286714  0.347375  0.413943  0.485208  0.559321  0.637255  0.718074  0.797028 
 0.085316  0.070914  0.062436  0.059800  0.061081  0.067657  0.079647  0.098256  0.126526  0.161766  0.198832  0.240798  0.291543  0.350068  0.416106  0.486295  0.562141  0.641345  0.719533  0.797514 
 0.106848  0.094454  0.087198  0.084551  0.086770  0.092591  0.102927  0.120442  0.146951  0.178997  0.212142  0.254083  0.302872  0.360468  0.428234  0.499775  0.573873  0.651092  0.726643  0.802788 
          </tableData>
        </table>
        <product>
          <table name="CD_de">
            <breakpoints property="alpha_deg">-6.00 -4.00 -2.00 0.00 2.00 4.00 6.00 8.00 10.00 12.00 14.00 16.00 18.00 20.00 22.00 24.00 26.00 28.00 30.00 32.00 </breakpoints>
            <breakpoints property="beta_deg">-8.00 0.00 8.00 </breakpoints>
            <breakpoints property="de_deg">-30.00 -20.00 -10.00 0.00 10.00 20.00 30.00 </breakpoints>
            <tableData>
 0.098696  0.088860  0.080807  0.073263  0.067859  0.059920  0.048908  0.038344  0.027594  0.013619 -0.000379 -0.017107 -0.034473 -0.053204 -0.073397 -0.088286 -0.105356 -0.128101 -0.145553 -0.163910 
 0.094852  0.087854  0.079508  0.071251  0.063010  0.055181  0.046209  0.038540  0.029221  0.019552  0.008495 -0.014137 -0.034476 -0.050753 -0.070434 -0.090521 -0.107379 -0.131342 -0.149989 -0.170354 
 0.098696  0.088860  0.080807  0.073263  0.067859  0.059920  0.048908  0.038344  0.027594  0.013619 -0.000379 -0.017107 -0.034473 -0.053204 -0.073397 -0.088286 -0.105356 -0.128101 -0.145553 -0.163910 
 0.079957  0.071250  0.064932  0.058082  0.053913  0.047458  0.039251  0.031007  0.022983  0.011441  0.001345 -0.011120 -0.023004 -0.035623 -0.049569 -0.061567 -0.072933 -0.087702 -0.102432 -0.117529 
 0.070126  0.062401  0.054142  0.047107  0.039602  0.031342  0.023584  0.016432  0.008203 -0.001849 -0.011002 -0.027193 -0.039935 -0.053874 -0.065792 -0.082058 -0.096685 -0.111400 -0.126652 -0.144604 
 0.079957  0.071250  0.064932  0.058082  0.053913  0.047458  0.039251  0.031007  0.022983  0.011441  0.001345 -0.011120 -0.023004 -0.035623 -0.049569 -0.061567 -0.072933 -0.087702 -0.102432 -0.117529 
 0.027632  0.023774  0.020098  0.017215  0.016320  0.014549  0.011247  0.008461  0.005902  0.002381 -0.000412 -0.006351 -0.013578 -0.015922 -0.025092 -0.029719 -0.035458 -0.041929 -0.047907 -0.051547 
 0.014376  0.012432  0.010068  0.008090  0.006229  0.004933  0.003526  0.002016  0.000591 -0.001766 -0.004673 -0.008486 -0.014247 -0.020247 -0.024511 -0.034277 -0.038614 -0.048560 -0.055848 -0.061832 
 0.027632  0.023774  0.020098  0.017215  0.016320  0.014549  0.011247  0.008461  0.005902  0.002381 -0.000412 -0.006351 -0.013578 -0.015922 -0.025092 -0.029719 -0.035458 -0.041929 -0.047907 -0.051547 
 0.000000  0.000000  0.000000  0.000000  0.000000  0.000000  0.000000  0.000000  0.000000  0.000000  0.000000  0.000000  0.000000  0.000000  0.000000  0.000000  0.000000  0.000000  0.000000  0.000000 
 0.000000  0.000000  0.000000  0.000000  0.000000  0.000000  0.000000  0.000000  0.000000  0.000000  0.000000  0.000000  0.000000  0.000000  0.000000  0.000000  0.000000  0.000000  0.000000  0.000000 
 0.000000  0.000000  0.000000  0.000000  0.000000  0.000000  0.000000  0.000000  0.000000  0.000000  0.000000  0.000000  0.000000  0.000000  0.000000  0.000000  0.000000  0.000000  0.000000  0.000000 
-0.000858  0.002171  0.005362  0.008875  0.013906  0.017961  0.021696  0.026471  0.030294  0.036236  0.043271  0.048098  0.052692  0.056965  0.062431  0.067960  0.071822  0.074371  0.080820  0.082342 
 0.000710  0.004161  0.006087  0.008923  0.012011  0.015515  0.020413  0.025632  0.031468  0.035791  0.042098  0.048394  0.055218  0.059807  0.065778  0.067998  0.072131  0.071191  0.075328  0.082560 
-0.000858  0.002171  0.005362  0.008875  0.013906  0.017961  0.021696  0.026471  0.030294  0.036236  0.043271  0.048098  0.052692  0.056965  0.062431  0.067960  0.071822  0.074371  0.080820  0.082342 
 0.008425  0.015583  0.022402  0.029669  0.038193  0.046852  0.056002  0.065244  0.075099  0.085102  0.095346  0.101549  0.109783  0.114612  0.123540  0.132498  0.134231  0.141961  0.148348  0.147805 
 0.011081  0.017163  0.024155  0.031339  0.038056  0.045853  0.055646  0.066016  0.077112  0.087471  0.098828  0.110362  0.117917  0.123114  0.127490  0.130922  0.136122  0.141523  0.148092  0.155005 
 0.008425  0.015583  0.022402  0.029669  0.038193  0.046852  0.056002  0.065244  0.075099  0.085102  0.095346  0.101549  0.109783  0.114612  0.123540  0.132498  0.134231  0.141961  0.148348  0.147805 
 0.044886  0.054272  0.064400  0.075707  0.087451  0.098412  0.110270  0.122996  0.138176  0.152131  0.161966  0.165272  0.172626  0.181940  0.185812  0.192454  0.194456  0.201872  0.201137  0.193151 
